0 0.3411033854166667 0.5818069444444445 0.007260937500000016 0.01760277777777775
0 0.3295518229166666 0.6093837962962964 0.011881770833333328 0.014082407407407464
0 0.26519192708333333 0.596475462962963 0.005941145833333324 0.021123148148148137
0 0.2473692708333333 0.5988226851851851 0.011221874999999996 0.014082407407407358
0 0.24835937500000002 0.7971458333333333 0.010561458333333313 0.021123148148148137
0 0.24076822916666665 0.7859976851851853 0.009901041666666662 0.017602777777777853
0 0.21766484375000003 0.8100541666666667 0.01782239583333333 0.01642870370370375
0 0.35166484375 0.8100546296296297 0.013861979166666672 0.018775925925925946
0 0.42790651041666666 0.6264 0.015842187500000014 0.01760185185185195
0 0.2823544270833333 0.6416555555555556 0.01254218749999995 0.05280740740740745
0 0.26420182291666666 0.6440027777777777 0.005280729166666671 0.0340314814814815
0 0.24571901041666666 0.6522171296296296 0.010561979166666664 0.05515462962962964
4 0.43252734375000007 0.6240527777777778 0.029044270833333326 0.06219629629629632
3 0.26486197916666665 0.6657124999999999 0.07789166666666668 0.12673981481481483
5 0.3539752604166666 0.7807166666666667 0.05808906250000003 0.11969814814814815
5 0.2239359375 0.7719152777777778 0.060729166666666674 0.11383055555555546
5 0.332521875 0.5888476851851853 0.03894583333333337 0.0668898148148148
5 0.2506697916666667 0.586500462962963 0.03762604166666668 0.06454351851851851
